image_width: 720
image_height: 486
camera_name: ecml
camera_matrix:
  rows: 3
  cols: 3
  data: [611.856548, 0.000000, 348.151190, 0.000000, 735.157064, 306.549972, 0.000000, 0.000000, 1.000000]
distortion_model: plumb_bob
distortion_coefficients:
  rows: 1
  cols: 5
  data: [-0.383176, 0.444789, -0.008226, -0.005473, 0.000000]
rectification_matrix:
  rows: 3
  cols: 3
  data: [0.960116, 0.061393, -0.272778, -0.060093, 0.998106, 0.013127, 0.273067, 0.003788, 0.961988]
projection_matrix:
  rows: 3
  cols: 4
  data: [1091.826282, 0.000000, 643.617474, 0.000000, 0.000000, 1091.826282, 296.389369, 0.000000, 0.000000, 0.000000, 1.000000, 0.000000]
