image_width: 720
image_height: 486
camera_name: ecmr
camera_matrix:
  rows: 3
  cols: 3
  data: [622.359970, 0.000000, 390.903662, 0.000000, 745.376899, 327.095211, 0.000000, 0.000000, 1.000000]
distortion_model: plumb_bob
distortion_coefficients:
  rows: 1
  cols: 5
  data: [-0.373893, 0.858238, -0.007981, -0.001139, 0.000000]
rectification_matrix:
  rows: 3
  cols: 3
  data: [0.948873, 0.057136, -0.310444, -0.058619, 0.998270, 0.004560, 0.310168, 0.013872, 0.950581]
projection_matrix:
  rows: 3
  cols: 4
  data: [1091.826282, 0.000000, 643.617474, -6.765237, 0.000000, 1091.826282, 296.389369, 0.000000, 0.000000, 0.000000, 1.000000, 0.000000]
