image_width: 720
image_height: 486
camera_name: ecml
camera_matrix:
  rows: 3
  cols: 3
  data: [614.160485, 0.000000, 339.287986, 0.000000, 739.094663, 249.137057, 0.000000, 0.000000, 1.000000]
distortion_model: plumb_bob
distortion_coefficients:
  rows: 1
  cols: 5
  data: [-0.395701, 0.563353, -0.004318, -0.006208, 0.000000]
rectification_matrix:
  rows: 3
  cols: 3
  data: [0.999104, 0.030606, -0.029222, -0.030487, 0.999525, 0.004517, 0.029347, -0.003622, 0.999563]
projection_matrix:
  rows: 3
  cols: 4
  data: [868.228934, 0.000000, 399.009151, 0.000000, 0.000000, 868.228934, 253.876612, 0.000000, 0.000000, 0.000000, 1.000000, 0.000000]
