image_width: 720
image_height: 486
camera_name: ecmr
camera_matrix:
  rows: 3
  cols: 3
  data: [620.288676, 0.000000, 379.874545, 0.000000, 743.773956, 269.313826, 0.000000, 0.000000, 1.000000]
distortion_model: plumb_bob
distortion_coefficients:
  rows: 1
  cols: 5
  data: [-0.365121, 0.865586, -0.004242, -0.001948, 0.000000]
rectification_matrix:
  rows: 3
  cols: 3
  data: [0.997059, 0.028609, -0.071095, -0.028899, 0.999578, -0.003045, 0.070978, 0.005090, 0.997465]
projection_matrix:
  rows: 3
  cols: 4
  data: [868.228934, 0.000000, 399.009151, -4.725411, 0.000000, 868.228934, 253.876612, 0.000000, 0.000000, 0.000000, 1.000000, 0.000000]
